tmp.txt
ncols         571
nrows         565
xllcorner     501684.30170995
yllcorner     3704682.9198239
cellsize      91.666667
NODATA_value  -9999
[rows 312 to 350 of 565, columns 440 to 527 of 571]
1378 1408 1448 1487 1520 1536 1525 1502 1482 1482 1452 1476 1483 1446 1394 1344 1347 1355 1378 1407 1445 1412 1358 1309 1276 1252 1245 1217 1211 1177 1172 1185 1254 1278 1294 1291 1291 1247 1248 1285 1314 1310 1303 1374 1430 1489 1511 1487 1424 1402 1385 1425 1462 1411 1385 1364 1375 1409 1434 1441 1429 1437 1471 1512 1493 1470 1440 1418 1371 1370 1394 1415 1402 1361 1314 1260 1288 1299 1312 1311 1280 1268 1255 1257 1252 1248 1182 1190
1418 1446 1474 1498 1517 1494 1474 1450 1419 1420 1396 1418 1409 1393 1364 1319 1324 1358 1388 1423 1451 1421 1379 1340 1303 1267 1226 1176 1172 1157 1148 1162 1250 1241 1224 1225 1217 1213 1237 1260 1263 1273 1294 1376 1439 1496 1532 1516 1455 1409 1361 1390 1426 1384 1358 1347 1391 1430 1444 1413 1396 1411 1444 1480 1499 1465 1427 1392 1377 1398 1449 1428 1372 1329 1300 1319 1344 1365 1367 1327 1245 1224 1205 1206 1201 1191 1145 1143
1450 1485 1496 1479 1456 1454 1428 1399 1367 1344 1338 1363 1347 1325 1310 1282 1334 1388 1451 1455 1450 1361 1332 1321 1300 1267 1242 1171 1151 1129 1123 1163 1218 1186 1170 1172 1159 1184 1208 1225 1258 1283 1313 1391 1443 1497 1541 1549 1466 1411 1362 1333 1373 1347 1330 1352 1400 1415 1391 1369 1372 1397 1429 1453 1499 1463 1427 1415 1416 1452 1468 1414 1364 1328 1337 1381 1371 1359 1342 1318 1257 1217 1192 1172 1163 1150 1119 1107
1450 1479 1459 1434 1399 1418 1419 1390 1347 1303 1284 1307 1285 1275 1265 1254 1351 1399 1423 1401 1399 1316 1276 1263 1263 1250 1213 1143 1122 1104 1144 1188 1166 1139 1124 1135 1165 1209 1208 1242 1287 1312 1335 1409 1441 1488 1543 1577 1496 1453 1399 1343 1320 1332 1343 1384 1395 1367 1336 1355 1364 1381 1404 1430 1501 1477 1464 1441 1452 1479 1444 1401 1383 1385 1385 1366 1330 1305 1297 1281 1258 1230 1209 1182 1146 1140 1169 1143
1467 1479 1419 1390 1362 1361 1375 1356 1337 1304 1256 1255 1235 1229 1229 1247 1351 1377 1365 1351 1354 1280 1243 1214 1210 1217 1203 1124 1089 1101 1148 1163 1111 1098 1133 1178 1229 1263 1251 1282 1329 1361 1366 1444 1475 1518 1555 1581 1529 1496 1436 1388 1333 1301 1315 1353 1345 1313 1305 1400 1418 1423 1418 1428 1504 1507 1488 1476 1493 1515 1459 1438 1431 1409 1386 1347 1323 1282 1258 1245 1227 1211 1189 1161 1135 1153 1193 1180
1415 1435 1419 1390 1325 1305 1320 1311 1276 1264 1232 1229 1196 1191 1218 1256 1315 1312 1302 1307 1306 1253 1216 1189 1163 1162 1149 1087 1058 1091 1117 1110 1082 1117 1170 1227 1278 1322 1302 1290 1310 1344 1379 1448 1509 1549 1577 1549 1495 1486 1461 1422 1385 1341 1269 1298 1289 1289 1336 1405 1428 1456 1472 1475 1502 1527 1521 1511 1489 1482 1470 1449 1413 1380 1347 1332 1322 1288 1256 1229 1194 1178 1161 1151 1153 1172 1196 1188
1365 1391 1395 1352 1325 1305 1257 1261 1238 1221 1209 1210 1168 1182 1207 1235 1248 1243 1251 1273 1271 1209 1199 1168 1126 1119 1108 1066 1042 1051 1062 1059 1093 1129 1166 1205 1257 1301 1363 1357 1350 1378 1410 1490 1526 1575 1561 1513 1440 1424 1402 1375 1348 1324 1258 1249 1256 1285 1313 1369 1399 1449 1503 1539 1559 1554 1519 1481 1446 1431 1423 1402 1376 1361 1351 1288 1282 1251 1228 1203 1186 1176 1183 1198 1199 1208 1215 1213
1322 1340 1345 1341 1322 1262 1257 1261 1213 1196 1168 1194 1152 1151 1176 1209 1193 1194 1214 1243 1247 1215 1145 1142 1110 1086 1080 1035 1015 1027 1051 1089 1159 1166 1193 1217 1236 1274 1378 1409 1408 1435 1472 1533 1570 1603 1575 1522 1435 1421 1405 1396 1385 1359 1300 1260 1232 1246 1263 1345 1399 1450 1504 1557 1602 1581 1531 1492 1453 1415 1377 1371 1347 1326 1313 1257 1241 1228 1221 1218 1200 1199 1206 1234 1248 1247 1239 1239
1270 1290 1284 1307 1312 1255 1226 1217 1213 1196 1141 1166 1147 1134 1157 1175 1154 1168 1189 1195 1218 1208 1110 1099 1088 1063 1045 1003 1014 1043 1067 1098 1195 1226 1233 1264 1292 1317 1410 1449 1472 1479 1484 1544 1592 1627 1587 1530 1485 1476 1471 1459 1437 1412 1351 1311 1268 1226 1224 1309 1347 1398 1440 1502 1557 1577 1550 1511 1479 1448 1367 1346 1328 1313 1287 1269 1278 1280 1263 1225 1237 1244 1233 1239 1274 1293 1274 1274
1223 1238 1245 1272 1292 1269 1228 1205 1181 1162 1141 1110 1097 1098 1126 1126 1140 1158 1151 1161 1198 1191 1122 1083 1056 1035 1010 998 1026 1051 1074 1098 1176 1245 1296 1328 1357 1374 1445 1478 1465 1452 1444 1516 1560 1615 1620 1577 1521 1492 1466 1455 1460 1452 1388 1339 1294 1251 1210 1258 1296 1336 1381 1420 1461 1504 1539 1539 1494 1445 1400 1373 1340 1315 1309 1318 1339 1324 1269 1242 1264 1267 1273 1263 1277 1308 1333 1328
1182 1203 1215 1244 1280 1290 1250 1222 1196 1179 1154 1110 1097 1062 1072 1082 1123 1122 1120 1146 1161 1148 1086 1065 1041 1007 979 1032 1063 1082 1100 1115 1186 1235 1309 1360 1399 1433 1403 1407 1395 1392 1402 1472 1518 1553 1611 1618 1544 1484 1440 1408 1401 1388 1375 1363 1321 1270 1220 1219 1247 1285 1321 1367 1385 1436 1494 1542 1528 1492 1424 1391 1361 1360 1346 1353 1347 1314 1277 1261 1291 1296 1306 1301 1307 1342 1342 1330
1151 1175 1199 1234 1273 1303 1261 1242 1235 1211 1173 1122 1088 1062 1072 1040 1080 1083 1101 1127 1147 1120 1059 1035 1012 979 963 1034 1065 1103 1152 1165 1237 1265 1313 1348 1393 1385 1348 1326 1328 1346 1380 1419 1454 1500 1552 1602 1531 1486 1445 1408 1361 1336 1301 1300 1299 1281 1244 1187 1221 1248 1292 1322 1337 1401 1460 1516 1541 1513 1429 1411 1412 1413 1390 1360 1329 1309 1285 1278 1312 1334 1335 1344 1348 1363 1296 1280
1150 1206 1244 1260 1273 1282 1306 1279 1261 1233 1215 1153 1121 1082 1046 1040 1080 1048 1076 1096 1116 1120 1058 1026 995 960 968 1032 1066 1102 1133 1167 1270 1308 1315 1321 1330 1313 1281 1269 1272 1303 1345 1382 1420 1473 1524 1581 1517 1465 1427 1402 1390 1374 1302 1270 1246 1248 1245 1174 1207 1236 1277 1293 1296 1371 1405 1444 1486 1482 1463 1456 1459 1467 1441 1384 1345 1318 1305 1314 1322 1369 1377 1387 1385 1369 1289 1261
1152 1203 1223 1222 1240 1271 1294 1294 1289 1276 1264 1194 1158 1117 1070 1040 1035 1048 1038 1062 1085 1097 1041 1011 976 947 978 1045 1076 1115 1155 1188 1256 1260 1242 1251 1261 1234 1224 1220 1245 1286 1316 1414 1496 1540 1584 1614 1545 1508 1480 1457 1425 1389 1330 1303 1279 1229 1210 1156 1165 1196 1242 1258 1276 1337 1358 1385 1408 1418 1456 1494 1508 1508 1470 1387 1362 1360 1335 1346 1369 1406 1418 1412 1384 1352 1322 1295
1129 1168 1169 1179 1216 1273 1229 1242 1280 1297 1291 1220 1181 1150 1115 1073 1009 1016 1038 1062 1041 1069 1023 989 958 936 966 1038 1074 1120 1156 1164 1199 1181 1174 1187 1193 1177 1204 1235 1265 1313 1359 1423 1473 1543 1617 1660 1630 1557 1531 1494 1464 1425 1378 1341 1296 1257 1227 1163 1140 1168 1215 1241 1265 1301 1304 1322 1345 1372 1444 1468 1479 1483 1473 1428 1418 1387 1352 1376 1405 1413 1396 1377 1361 1325 1287 1287
1098 1131 1123 1144 1201 1224 1169 1203 1242 1248 1240 1225 1207 1173 1131 1087 1004 982 994 1018 1041 1069 1033 990 945 932 966 1027 1063 1110 1123 1113 1154 1131 1133 1130 1126 1130 1223 1275 1313 1344 1370 1438 1475 1521 1594 1649 1646 1565 1513 1462 1439 1401 1343 1324 1291 1256 1224 1151 1123 1162 1201 1225 1224 1259 1252 1279 1299 1334 1402 1399 1415 1434 1472 1470 1432 1393 1384 1404 1416 1373 1357 1331 1328 1325 1250 1241
1096 1089 1085 1128 1175 1174 1130 1183 1197 1180 1174 1163 1179 1184 1165 1125 1022 990 966 968 998 1037 1033 990 938 936 969 1043 1076 1102 1091 1076 1105 1087 1091 1088 1099 1119 1197 1245 1285 1308 1336 1405 1446 1505 1574 1601 1588 1554 1493 1435 1390 1355 1291 1266 1243 1221 1203 1147 1114 1127 1158 1172 1193 1209 1214 1243 1271 1298 1334 1340 1361 1399 1456 1470 1441 1434 1434 1431 1409 1335 1325 1310 1287 1290 1248 1218
1051 1040 1058 1112 1148 1132 1103 1147 1152 1124 1125 1124 1168 1200 1181 1140 1056 1030 996 964 953 996 1032 984 938 942 981 1056 1081 1075 1054 1055 1078 1053 1054 1078 1129 1165 1222 1243 1267 1280 1328 1449 1485 1523 1569 1570 1533 1525 1517 1462 1402 1358 1304 1287 1271 1266 1254 1181 1133 1100 1110 1136 1160 1180 1195 1231 1242 1245 1285 1312 1356 1404 1460 1512 1495 1473 1440 1399 1377 1323 1300 1282 1263 1249 1219 1212
996 1014 1047 1098 1105 1091 1082 1119 1102 1077 1087 1131 1176 1188 1197 1181 1102 1068 1032 982 942 951 996 965 927 942 981 1053 1039 1032 1019 1025 1038 1031 1066 1114 1154 1194 1245 1268 1307 1321 1339 1438 1475 1507 1560 1564 1510 1458 1474 1484 1463 1465 1412 1377 1356 1333 1307 1211 1166 1132 1098 1096 1116 1147 1171 1187 1192 1212 1273 1307 1351 1409 1447 1518 1502 1461 1425 1408 1391 1359 1332 1307 1279 1264 1253 1255
963 1000 1028 1049 1074 1055 1071 1093 1058 1040 1055 1139 1146 1140 1174 1178 1174 1098 1043 990 951 925 948 932 909 937 982 1053 1039 990 983 989 993 1043 1094 1138 1154 1150 1194 1218 1250 1294 1316 1381 1417 1460 1513 1552 1527 1412 1408 1424 1416 1420 1408 1361 1327 1301 1277 1211 1163 1137 1123 1103 1086 1120 1138 1150 1177 1207 1246 1279 1319 1351 1391 1471 1516 1503 1481 1462 1432 1389 1357 1320 1297 1304 1294 1277
936 963 975 1005 1045 1026 1054 1066 1025 1009 1038 1117 1094 1106 1141 1132 1147 1115 1063 1028 983 945 910 906 900 943 990 1037 996 990 957 971 1001 1077 1103 1114 1102 1095 1141 1163 1185 1223 1265 1357 1389 1423 1478 1525 1516 1411 1369 1363 1353 1353 1361 1315 1269 1227 1202 1159 1113 1082 1075 1082 1073 1123 1163 1190 1203 1212 1247 1266 1288 1314 1341 1439 1503 1536 1523 1492 1459 1380 1344 1323 1332 1352 1310 1292
910 930 950 976 1001 994 1020 1034 996 993 1037 1069 1050 1076 1111 1097 1106 1137 1118 1069 1028 999 924 896 908 946 966 997 958 947 957 971 1046 1075 1066 1060 1053 1060 1103 1138 1177 1223 1269 1329 1346 1376 1419 1476 1511 1454 1403 1352 1312 1300 1318 1288 1237 1187 1150 1110 1070 1041 1047 1054 1074 1125 1163 1187 1203 1241 1307 1334 1357 1382 1392 1415 1489 1529 1521 1474 1432 1380 1362 1363 1378 1387 1319 1332
931 897 920 944 969 968 991 994 969 977 1022 1032 1017 1038 1069 1069 1070 1126 1139 1112 1069 1024 949 901 890 891 912 951 926 953 991 1012 1046 1075 1011 1018 1043 1074 1142 1174 1215 1246 1266 1288 1306 1328 1378 1426 1485 1471 1419 1368 1330 1287 1281 1275 1244 1206 1164 1075 1040 1053 1088 1104 1113 1101 1125 1128 1145 1186 1289 1320 1358 1399 1436 1462 1484 1504 1515 1508 1479 1428 1421 1430 1421 1402 1354 1372
914 889 887 917 953 956 956 945 945 981 1017 1009 986 994 1021 1051 1033 1087 1114 1126 1091 1054 966 931 912 886 880 914 919 962 982 1001 1028 1028 1011 1018 1069 1104 1142 1152 1168 1187 1203 1245 1260 1294 1344 1408 1487 1472 1430 1381 1331 1290 1234 1235 1233 1209 1173 1119 1024 1034 1054 1056 1058 1047 1059 1072 1092 1132 1231 1276 1312 1358 1405 1411 1430 1450 1468 1475 1454 1391 1396 1435 1437 1413 1397 1398
881 893 874 894 922 930 927 924 942 969 981 999 976 963 1000 1030 1006 1034 1063 1102 1120 1091 1001 986 968 920 870 893 920 937 944 974 979 980 985 1023 1069 1074 1090 1096 1114 1137 1161 1241 1259 1290 1339 1391 1452 1497 1440 1403 1371 1332 1250 1210 1189 1175 1166 1141 1046 1013 1014 1006 1005 996 1018 1046 1077 1109 1170 1221 1258 1318 1362 1350 1387 1406 1402 1401 1381 1327 1343 1378 1419 1442 1428 1406
863 878 864 874 907 911 901 919 936 946 938 967 960 941 982 1019 1000 1005 1037 1074 1106 1108 1050 1010 965 920 880 873 894 908 926 934 936 975 1009 1041 1062 1074 1090 1072 1109 1142 1170 1220 1248 1286 1342 1400 1450 1505 1451 1403 1351 1315 1251 1211 1185 1163 1143 1128 1100 1081 1063 1054 1042 990 991 1025 1046 1071 1128 1185 1237 1294 1326 1307 1363 1352 1322 1323 1348 1288 1310 1362 1391 1443 1470 1435
847 864 856 862 889 886 886 902 910 913 905 926 923 920 962 977 969 977 1015 1060 1080 1077 1019 1000 978 946 902 851 864 887 899 914 934 989 1008 1013 1015 1022 1047 1072 1109 1147 1160 1165 1211 1257 1305 1365 1430 1500 1439 1379 1322 1283 1246 1237 1218 1181 1158 1137 1095 1081 1091 1098 1077 989 982 1019 1058 1092 1140 1188 1238 1282 1281 1263 1317 1332 1290 1253 1276 1253 1277 1331 1367 1411 1467 1454
843 851 845 848 863 871 879 884 890 893 885 898 894 925 931 931 926 958 1003 1050 1054 1052 973 951 939 939 925 854 846 858 887 917 927 949 964 973 990 1015 1083 1106 1126 1147 1112 1133 1187 1251 1324 1367 1426 1501 1462 1404 1342 1310 1279 1260 1232 1212 1202 1178 1117 1073 1042 1039 1038 971 1006 1048 1085 1130 1202 1225 1226 1216 1203 1198 1252 1269 1268 1225 1204 1214 1240 1291 1327 1360 1400 1397
843 834 833 841 859 860 864 862 873 872 866 876 894 924 907 897 894 949 989 1011 1004 1021 955 929 905 898 901 883 851 845 869 894 915 959 985 1006 1028 1048 1066 1076 1085 1096 1112 1133 1177 1224 1298 1371 1431 1528 1507 1451 1394 1369 1317 1291 1282 1261 1243 1198 1104 1073 1031 1002 991 958 1000 1049 1085 1117 1185 1181 1165 1153 1128 1125 1186 1198 1228 1232 1191 1176 1206 1255 1306 1330 1332 1348
851 820 826 845 854 844 859 845 852 845 855 862 884 905 889 870 885 918 951 962 947 971 940 920 907 882 869 873 842 845 880 918 947 990 1010 1018 1017 1013 1023 1037 1055 1072 1092 1123 1177 1224 1289 1331 1397 1485 1515 1475 1429 1418 1390 1330 1277 1233 1204 1178 1092 1060 1040 1026 1001 947 959 995 1044 1083 1135 1121 1113 1106 1082 1089 1122 1131 1168 1185 1167 1140 1177 1215 1254 1282 1269 1350
858 818 819 836 835 829 842 838 831 829 842 847 871 872 865 864 888 900 930 927 908 931 903 891 881 875 851 842 831 849 885 916 934 954 963 970 979 1000 1049 1076 1100 1117 1146 1167 1225 1253 1289 1303 1354 1453 1504 1508 1483 1473 1412 1340 1278 1227 1188 1166 1123 1104 1084 1062 1031 947 935 957 990 1017 1066 1055 1054 1057 1047 1048 1073 1081 1100 1107 1112 1115 1163 1200 1227 1256 1289 1350
849 814 806 812 815 813 827 829 822 818 838 843 856 841 845 856 870 889 920 913 885 887 864 860 844 831 827 819 846 861 869 890 904 928 934 946 965 988 1065 1091 1108 1135 1162 1182 1211 1230 1261 1303 1354 1487 1542 1572 1554 1512 1406 1352 1289 1262 1224 1195 1129 1089 1052 1026 1005 960 930 924 952 969 1011 992 988 995 992 997 1028 1032 1052 1067 1078 1109 1147 1193 1233 1267 1280 1309
850 826 814 805 800 798 810 810 808 811 827 832 847 828 828 846 859 880 890 913 903 877 852 831 812 811 823 837 874 901 915 921 931 964 994 1005 1007 997 1031 1054 1076 1099 1113 1129 1171 1201 1246 1324 1372 1487 1542 1607 1606 1555 1444 1399 1354 1307 1258 1206 1122 1093 1063 1039 1026 978 941 916 921 946 968 948 953 969 986 1008 1037 1052 1100 1114 1116 1140 1138 1155 1181 1207 1228 1293
875 887 861 837 813 795 788 789 793 798 806 820 819 826 845 840 839 859 880 904 905 878 840 810 803 829 858 875 897 917 941 953 961 1014 1033 1046 1063 1060 1027 1034 1063 1086 1116 1142 1196 1231 1266 1339 1395 1499 1549 1607 1596 1561 1465 1417 1388 1358 1324 1284 1199 1154 1110 1080 1087 1004 956 919 901 910 928 940 973 1009 1034 1069 1097 1109 1145 1162 1174 1191 1176 1169 1178 1197 1213 1256
909 906 893 875 860 834 791 784 781 784 793 807 801 818 822 814 823 844 858 886 894 875 828 801 801 829 849 865 881 899 911 925 942 996 1015 1053 1071 1093 1081 1053 1071 1106 1141 1172 1240 1286 1308 1321 1342 1451 1498 1560 1596 1561 1420 1377 1349 1350 1341 1325 1250 1201 1179 1163 1137 1028 996 949 910 893 911 956 979 1006 1029 1058 1116 1149 1181 1214 1228 1260 1234 1208 1228 1244 1272 1276
910 884 874 865 859 841 811 804 788 775 776 785 796 801 804 815 840 851 867 878 873 852 819 801 794 814 833 852 874 874 884 888 896 947 971 1004 1020 1039 1093 1103 1099 1098 1114 1136 1189 1219 1249 1282 1299 1401 1452 1506 1545 1514 1465 1383 1341 1304 1283 1274 1278 1244 1218 1182 1154 1050 1004 966 921 893 913 957 982 1012 1047 1076 1124 1151 1165 1187 1219 1281 1285 1252 1252 1286 1324 1387
920 902 882 870 855 842 812 808 809 791 770 770 787 806 826 836 850 869 884 885 872 860 818 800 786 793 823 835 860 854 856 858 868 916 936 957 971 986 1036 1072 1110 1137 1150 1163 1185 1205 1229 1246 1282 1372 1424 1508 1521 1491 1454 1383 1341 1285 1248 1227 1224 1201 1161 1127 1121 1029 987 954 920 890 886 953 972 1001 1037 1073 1124 1118 1116 1132 1159 1223 1278 1294 1285 1311 1340 1442
889 917 911 892 868 850 811 796 791 796 780 765 783 804 821 833 827 869 888 883 867 856 829 806 782 793 813 831 831 832 844 862 871 889 909 923 932 944 997 1024 1064 1097 1123 1165 1222 1258 1275 1301 1320 1369 1412 1429 1450 1457 1446 1363 1325 1285 1248 1190 1135 1112 1092 1062 1054 1024 1005 976 932 888 879 930 958 987 1025 1054 1065 1068 1094 1121 1157 1218 1264 1320 1341 1373 1406 1470
857 885 897 900 884 862 835 816 799 784 774 763 769 784 803 807 802 853 857 856 866 850 839 812 782 785 809 820 809 818 831 843 858 895 902 918 948 960 963 1013 1038 1070 1095 1121 1185 1214 1232 1260 1295 1363 1410 1409 1393 1360 1353 1313 1280 1254 1221 1190 1088 1049 1030 1004 990 970 961 952 937 902 880 945 987 1019 1016 1017 1023 1046 1089 1142 1191 1258 1289 1331 1372 1414 1454 1478
