tmp.txt
ncols         571
nrows         565
xllcorner     501684.30170995
yllcorner     3704682.9198239
cellsize      91.666667
NODATA_value  -9999
[rows 390 to 428 of 565, columns 0 to 87 of 571]
698 704 720 733 746 741 742 795 825 819 807 803 789 784 767 761 756 741 726 702 660 633 645 710 736 750 767 792 792 804 837 868 900 982 1010 1001 1006 1007 993 1014 1065 1103 1107 1106 1104 1098 1110 1128 1155 1176 1125 1098 1072 1065 1104 1126 1106 1083 1091 1133 1175 1197 1240 1262 1240 1226 1210 1186 1159 1161 1188 1178 1209 1248 1269 1273 1275 1291 1314 1329 1314 1297 1334 1329 1334 1354 1354 1404
666 694 696 706 719 723 745 801 815 813 795 778 750 745 749 747 722 708 704 697 662 626 654 746 775 794 810 829 844 840 875 906 938 985 973 945 962 960 948 982 1024 1065 1068 1068 1046 1047 1061 1083 1127 1148 1148 1121 1101 1095 1131 1169 1135 1105 1114 1153 1214 1246 1268 1256 1220 1187 1184 1183 1144 1140 1153 1162 1205 1236 1232 1230 1238 1264 1298 1327 1304 1270 1286 1300 1309 1333 1354 1397
637 655 672 699 707 726 754 807 786 784 784 774 754 737 718 715 714 684 682 680 653 624 657 761 790 808 833 858 868 868 886 909 922 950 926 911 929 917 906 950 979 1030 1038 1025 1001 1009 1029 1071 1102 1110 1134 1150 1137 1129 1155 1172 1152 1148 1144 1168 1226 1254 1248 1214 1200 1172 1150 1142 1126 1104 1111 1148 1181 1208 1204 1180 1207 1249 1288 1309 1279 1244 1263 1293 1334 1366 1394 1433
632 627 639 683 719 737 768 773 750 741 733 735 755 759 741 709 696 684 668 665 644 627 673 746 756 772 799 812 833 831 847 876 888 913 885 887 910 887 877 951 990 1035 1031 995 966 983 1019 1056 1073 1072 1108 1155 1155 1166 1186 1204 1197 1203 1190 1174 1235 1237 1197 1172 1181 1177 1116 1104 1093 1077 1085 1127 1160 1188 1173 1141 1195 1236 1269 1281 1247 1212 1293 1332 1359 1391 1424 1430
666 627 621 654 732 781 785 736 719 704 698 699 719 732 734 715 690 683 664 651 636 616 660 719 731 753 765 772 781 780 809 829 858 872 845 874 891 864 873 971 1003 1032 1018 977 951 978 1009 1014 1024 1040 1095 1129 1138 1151 1169 1202 1218 1227 1219 1217 1247 1222 1166 1130 1131 1133 1100 1076 1058 1048 1071 1122 1155 1156 1121 1115 1175 1214 1251 1251 1208 1206 1293 1308 1324 1360 1385 1384
661 626 620 665 774 802 784 718 701 687 681 678 692 693 696 706 694 682 672 644 631 624 665 698 718 727 720 724 749 749 769 800 849 828 816 848 868 848 864 951 966 991 996 959 938 954 967 985 1011 1042 1089 1107 1119 1144 1177 1221 1227 1215 1219 1216 1246 1227 1162 1113 1092 1096 1082 1070 1030 1022 1071 1141 1155 1142 1088 1092 1165 1212 1245 1226 1186 1208 1267 1268 1291 1322 1335 1333
625 630 654 724 751 766 763 724 693 678 675 661 680 671 673 687 696 673 681 659 625 611 645 682 700 691 674 688 709 724 764 787 817 785 789 824 833 829 857 908 911 936 950 924 913 931 947 982 1018 1041 1077 1106 1135 1161 1187 1226 1207 1184 1182 1192 1233 1218 1187 1147 1085 1059 1048 1040 1001 1002 1051 1113 1115 1093 1063 1081 1160 1213 1238 1209 1165 1197 1219 1238 1271 1282 1283 1296
618 673 706 709 709 712 695 653 684 677 669 659 654 657 661 677 693 657 655 650 624 613 656 674 665 659 672 676 690 705 733 750 775 748 755 772 787 805 825 850 861 877 882 880 922 955 962 984 1006 1026 1075 1108 1140 1174 1192 1206 1198 1171 1151 1158 1204 1188 1182 1154 1101 1060 1019 993 971 971 1015 1066 1058 1045 1058 1104 1174 1191 1208 1189 1153 1160 1191 1213 1224 1237 1238 1265
637 678 679 666 660 642 620 616 620 639 653 658 639 640 643 658 665 676 665 649 623 617 644 648 639 647 686 696 681 685 698 718 726 729 749 762 764 776 791 807 818 835 857 893 965 990 994 1013 1048 1068 1087 1111 1143 1166 1165 1162 1159 1144 1124 1130 1176 1158 1162 1146 1099 1086 1032 1007 977 951 973 1020 1020 1040 1079 1116 1151 1152 1174 1182 1154 1135 1156 1175 1183 1207 1237 1296
656 672 663 640 617 613 619 628 617 609 611 619 628 623 622 617 614 683 697 667 628 611 626 632 647 668 703 716 703 707 707 705 704 748 793 824 823 826 818 847 848 845 861 900 996 1024 1038 1044 1070 1103 1131 1121 1116 1116 1111 1113 1112 1097 1075 1107 1144 1138 1160 1161 1125 1112 1057 1024 973 937 931 972 988 1022 1046 1071 1100 1118 1142 1162 1151 1119 1151 1185 1193 1211 1241 1338
665 643 626 616 617 624 636 649 638 646 632 617 608 609 606 611 609 660 688 662 623 620 641 664 705 736 751 737 720 726 736 742 725 784 829 861 860 866 871 900 915 899 888 905 968 1007 1064 1088 1087 1113 1133 1105 1081 1073 1064 1060 1069 1044 1025 1059 1106 1114 1147 1147 1110 1095 1064 1007 955 923 931 946 952 974 987 1016 1054 1074 1099 1123 1117 1094 1165 1217 1248 1263 1262 1315
633 615 620 625 630 647 657 653 645 658 664 653 647 646 639 635 621 621 660 643 620 623 654 699 734 770 778 772 734 734 740 756 750 786 827 858 882 912 918 937 962 956 931 922 999 1034 1071 1110 1119 1127 1119 1073 1043 1027 1019 1028 1035 1008 1008 1056 1067 1087 1109 1087 1064 1052 1061 1027 979 930 912 920 951 969 974 975 1004 1029 1044 1058 1070 1074 1146 1194 1253 1299 1319 1326
635 649 651 639 655 674 686 664 667 662 661 667 681 692 685 657 626 619 635 628 609 632 676 728 761 792 815 797 772 767 762 762 770 762 796 833 859 900 925 945 973 985 975 953 1001 1036 1079 1111 1137 1141 1096 1051 1019 996 986 1000 1000 969 992 1035 1049 1074 1072 1036 1011 1010 1021 1001 972 951 937 894 930 985 1015 1012 1021 1025 1029 1055 1084 1108 1136 1166 1227 1291 1336 1383
717 681 652 666 703 718 720 683 676 680 670 674 687 705 723 694 647 614 620 614 610 652 708 750 780 807 837 827 824 812 799 789 801 766 768 803 841 857 881 910 938 970 989 996 1037 1063 1108 1144 1147 1119 1083 1061 1021 984 959 969 972 939 958 980 1042 1063 1040 997 967 965 965 944 919 901 896 889 920 962 1008 1042 1060 1076 1070 1077 1117 1153 1198 1201 1221 1270 1323 1417
716 654 672 704 734 756 741 697 688 685 675 686 712 732 750 720 680 608 602 606 644 694 751 794 819 839 850 841 843 841 847 843 841 799 786 784 805 824 844 881 909 934 963 991 1058 1085 1118 1142 1134 1104 1050 1053 1041 1007 958 933 938 914 915 945 1024 1036 1024 988 945 922 926 899 864 863 873 890 925 954 984 1035 1096 1115 1125 1115 1119 1158 1234 1260 1277 1297 1328 1375
690 659 688 718 742 745 722 698 704 702 691 704 744 766 770 729 692 636 604 600 643 714 753 832 852 850 832 814 832 861 879 873 860 836 828 811 802 803 819 849 874 911 925 956 1015 1056 1103 1113 1107 1092 1022 1033 1041 1015 968 898 903 896 898 925 979 991 1002 981 945 907 887 861 853 891 925 922 953 990 1019 1053 1124 1144 1155 1147 1142 1153 1218 1250 1282 1294 1312 1328
672 683 716 742 728 702 688 681 704 718 721 730 780 796 765 723 679 639 612 601 642 714 759 817 812 802 787 786 834 871 870 838 841 854 854 857 849 844 840 848 859 880 906 938 987 1031 1068 1076 1065 1046 995 1001 1014 1010 983 903 881 870 882 893 938 959 963 952 921 889 847 840 843 889 926 960 958 990 1025 1071 1119 1133 1161 1185 1183 1186 1179 1189 1206 1240 1273 1279
709 722 754 754 718 695 672 656 669 690 711 733 780 786 744 697 661 625 606 598 657 728 760 785 768 757 766 800 848 860 828 796 800 815 824 838 857 886 897 888 886 890 902 922 987 1023 1054 1048 1022 1002 974 974 977 988 973 923 897 868 852 865 940 943 925 917 894 872 824 828 844 870 897 948 966 992 1028 1059 1074 1135 1164 1189 1179 1147 1113 1130 1152 1196 1216 1223
751 758 785 760 714 694 665 644 655 669 686 707 757 757 733 680 644 609 598 618 682 708 713 732 728 737 760 802 842 813 790 762 771 774 784 804 832 872 901 934 920 928 941 949 987 1019 1054 1049 1015 979 947 949 953 980 968 901 877 851 830 856 924 923 893 877 861 833 829 866 899 918 926 976 999 993 1014 1042 1069 1122 1145 1165 1129 1103 1064 1099 1121 1145 1158 1168
800 794 800 752 711 683 660 647 643 649 664 680 719 721 721 692 630 610 609 633 664 676 684 704 715 750 784 821 815 774 748 735 757 791 795 796 808 848 896 941 945 959 986 993 1022 1038 1051 1041 1021 991 938 928 933 965 956 891 849 820 818 842 903 911 886 855 827 804 834 870 919 961 985 1030 1041 1027 1016 1045 1084 1138 1152 1117 1076 1056 1050 1088 1078 1068 1078 1108
846 797 775 741 708 671 653 652 646 641 647 656 690 688 695 662 616 622 642 670 702 711 722 744 748 764 788 819 793 753 718 745 792 849 840 834 821 838 863 910 928 945 971 1005 1060 1051 1028 1007 986 977 930 908 918 937 913 877 847 821 797 806 872 875 852 828 794 806 873 885 911 944 977 1035 1057 1056 1048 1048 1075 1123 1106 1063 1035 1017 1026 1060 1045 1017 1024 1021
840 764 732 709 684 662 637 646 660 641 635 642 662 653 638 607 599 615 650 695 721 742 760 747 735 732 741 765 757 719 698 756 793 876 891 875 847 840 859 880 909 940 965 997 1072 1069 1044 1000 961 932 892 877 887 906 903 857 847 832 800 788 851 838 811 792 794 823 867 880 904 931 943 985 1008 1037 1070 1076 1075 1072 1053 1032 1010 987 1004 1044 1028 987 980 984
830 783 743 701 675 647 630 633 648 639 623 634 630 611 600 602 619 636 667 700 720 719 720 696 683 706 719 726 712 685 685 728 771 862 895 899 888 879 897 893 914 948 978 1012 1036 1046 1048 1017 979 956 905 861 848 872 900 847 825 813 797 777 812 816 794 772 786 793 823 844 881 895 901 944 978 1015 1048 1067 1056 1015 1024 1034 997 967 971 1005 1000 971 947 953
799 794 756 709 672 634 623 613 618 613 623 637 602 594 614 641 641 624 633 652 669 669 675 657 670 689 692 704 684 658 696 740 767 833 855 883 899 915 926 924 930 951 973 1005 984 992 1011 1026 1022 1005 928 878 834 841 873 865 843 823 803 777 772 798 803 777 769 760 791 821 846 863 878 921 967 1000 1030 1048 1016 974 1010 1019 988 956 934 960 961 927 910 941
746 760 748 704 658 629 616 605 603 605 618 615 597 617 635 609 594 581 583 592 607 622 632 635 639 650 661 689 645 650 691 727 756 788 798 829 861 905 961 966 961 968 999 988 940 948 966 981 989 984 918 882 840 812 832 895 872 853 827 804 752 770 791 791 784 767 787 805 824 841 878 941 979 1009 1028 1006 971 965 1002 1001 983 956 906 917 909 879 883 945
702 713 715 689 649 619 608 599 595 600 602 594 627 654 620 584 585 611 604 596 585 584 589 606 615 621 626 631 636 657 677 698 716 758 790 813 853 897 961 1024 1012 1009 995 953 905 921 929 935 957 967 882 863 836 801 812 897 894 870 846 818 738 732 744 748 754 774 813 843 865 876 885 944 972 984 982 957 926 957 989 972 949 934 889 886 869 872 892 932
697 657 655 647 630 612 606 594 591 589 592 613 671 646 599 585 594 634 633 626 619 603 585 582 589 597 599 606 660 698 727 739 736 759 794 830 872 913 949 1010 1023 1010 968 927 882 881 880 915 951 956 861 827 809 787 807 879 863 844 830 799 730 725 741 759 770 788 850 881 924 941 939 945 938 938 939 922 894 957 970 943 922 902 873 869 868 886 897 908
676 675 668 643 620 608 600 593 593 610 636 682 654 617 585 589 611 640 640 643 654 652 643 611 587 577 578 607 682 735 768 784 772 766 784 824 867 920 940 956 982 986 957 912 855 841 874 902 917 926 853 806 769 761 789 868 854 815 792 774 718 738 765 781 802 812 869 912 930 932 931 917 901 898 900 880 861 926 943 923 896 873 857 863 896 927 933 923
705 702 668 632 608 596 592 591 598 622 650 659 631 603 582 602 629 646 662 678 698 701 677 625 615 594 578 595 730 756 775 794 801 800 813 835 868 899 900 905 923 955 962 911 831 816 843 864 874 893 833 801 764 750 788 853 866 844 804 772 717 712 758 797 821 844 882 888 877 883 879 876 863 857 870 853 849 918 916 890 864 845 854 884 914 948 963 958
724 662 636 618 596 593 589 596 596 593 606 614 607 586 584 612 646 687 700 707 727 719 676 622 605 594 578 559 712 726 731 745 756 788 828 858 850 853 854 865 886 923 962 949 859 813 798 815 833 871 849 805 764 742 762 831 871 847 809 775 700 722 763 805 828 841 850 839 829 839 827 843 825 833 850 833 843 908 912 874 837 824 874 900 924 929 941 970
691 670 669 654 606 592 584 594 593 592 591 590 588 581 602 644 672 677 680 680 698 700 668 611 602 583 571 579 656 664 671 690 710 758 791 818 808 801 810 843 864 897 942 938 864 828 783 771 791 824 846 824 775 733 738 827 863 836 791 744 700 743 765 776 786 808 799 791 793 803 784 808 791 811 822 803 825 913 918 878 837 813 853 881 886 885 901 939
701 699 709 692 654 611 593 582 588 589 588 587 584 586 608 640 643 626 638 652 671 684 671 593 585 574 576 603 667 679 683 682 683 720 750 769 764 776 808 846 875 910 936 932 847 825 804 755 741 774 798 789 762 729 729 839 864 835 787 727 715 737 735 737 759 793 765 753 757 761 765 773 766 793 796 791 833 895 923 893 852 817 832 843 842 850 867 911
711 733 720 693 674 643 617 592 584 588 587 589 598 615 621 616 607 596 608 624 638 651 640 575 573 593 618 637 700 718 734 737 725 699 708 724 742 784 826 872 892 933 965 949 897 864 813 765 729 714 743 753 722 707 745 850 865 845 802 739 699 713 709 718 753 776 728 721 723 721 731 744 759 784 770 780 814 870 909 883 844 803 821 826 838 846 856 881
724 746 721 699 665 662 658 624 611 620 629 628 674 683 645 609 592 578 587 601 617 622 602 577 594 607 613 629 669 696 723 751 751 729 740 731 736 765 801 897 922 952 988 972 929 881 840 804 768 735 702 702 683 697 747 829 828 816 792 751 679 681 693 720 759 757 692 688 685 688 694 721 748 756 754 777 790 854 886 876 831 791 801 824 856 875 876 878
763 757 729 703 692 704 684 661 641 652 684 679 715 685 637 613 587 567 575 589 597 599 580 589 607 622 620 627 649 686 721 756 776 761 789 779 762 759 782 870 916 939 949 923 902 898 887 851 812 789 732 707 675 674 718 797 787 766 749 740 680 667 689 712 744 722 693 698 700 706 705 700 719 728 746 778 798 848 851 845 830 792 781 798 832 870 907 898
808 767 737 717 724 741 727 688 660 670 704 720 736 701 649 630 594 561 565 575 584 574 570 598 604 618 625 636 666 691 709 744 774 792 827 835 825 805 792 850 889 924 909 875 848 856 865 850 848 839 779 738 693 659 694 751 741 709 688 674 666 659 667 671 696 700 722 742 746 765 764 701 705 729 766 799 816 819 798 793 812 823 779 769 805 841 891 940
841 793 772 761 763 780 771 709 689 700 742 769 768 742 711 682 642 563 564 566 571 567 579 608 624 638 640 639 669 689 706 714 735 758 829 860 860 837 820 858 888 911 880 843 795 798 810 806 806 807 776 734 697 658 678 701 685 653 632 644 641 646 657 671 677 687 745 780 789 806 815 724 703 706 730 754 763 767 750 757 790 811 776 767 816 860 885 956
813 839 820 811 812 823 815 733 729 728 755 783 766 742 720 686 638 567 575 585 577 591 617 648 656 662 669 672 697 709 718 736 739 747 797 844 875 869 869 887 920 907 864 824 767 752 750 755 755 760 753 729 692 645 652 664 642 631 651 677 669 652 666 683 669 675 747 803 835 843 847 760 736 716 708 709 716 729 729 742 774 773 760 776 811 832 858 932
778 830 828 836 841 853 838 771 774 751 763 760 712 682 668 657 627 564 579 629 656 684 697 690 681 687 708 708 742 762 745 758 782 786 802 853 893 921 927 914 934 917 885 852 779 758 730 717 711 720 733 703 675 637 629 631 625 645 670 690 718 717 715 710 683 678 768 819 868 878 871 784 767 745 738 732 731 753 763 750 748 755 765 789 805 824 847 910
