tmp.txt
ncols         571
nrows         565
xllcorner     501684.30170995
yllcorner     3704682.9198239
cellsize      91.666667
NODATA_value  -9999
[rows 195 to 233 of 565, columns 176 to 263 of 571]
1130 1139 1125 1129 1153 1185 1279 1337 1373 1390 1412 1511 1572 1596 1601 1633 1688 1626 1568 1546 1524 1472 1443 1415 1423 1456 1502 1604 1608 1545 1514 1500 1433 1389 1322 1263 1251 1279 1313 1353 1369 1378 1391 1398 1402 1409 1411 1407 1328 1335 1360 1378 1384 1420 1438 1455 1464 1481 1497 1552 1554 1570 1592 1624 1709 1753 1802 1856 1868 1785 1744 1718 1726 1731 1751 1789 1806 1812 1773 1739 1697 1674 1691 1724 1750 1769 1765 1726
1093 1110 1130 1179 1231 1254 1299 1360 1410 1423 1451 1536 1577 1583 1574 1591 1637 1600 1537 1498 1464 1418 1382 1358 1378 1423 1484 1544 1524 1478 1443 1445 1463 1426 1310 1260 1234 1245 1279 1313 1326 1333 1345 1348 1359 1361 1355 1353 1319 1351 1366 1391 1429 1511 1532 1549 1531 1537 1539 1601 1606 1616 1632 1667 1745 1787 1831 1878 1892 1808 1782 1757 1769 1782 1784 1836 1849 1835 1812 1784 1711 1698 1724 1760 1798 1812 1766 1734
1100 1110 1142 1177 1210 1247 1310 1340 1379 1409 1448 1560 1576 1565 1554 1558 1582 1589 1575 1509 1480 1448 1341 1319 1343 1389 1443 1476 1446 1396 1388 1395 1447 1455 1420 1349 1246 1213 1230 1249 1266 1272 1284 1299 1308 1304 1298 1308 1330 1379 1414 1448 1477 1553 1586 1625 1623 1607 1604 1654 1669 1675 1695 1710 1787 1826 1863 1903 1912 1845 1819 1798 1812 1824 1822 1878 1898 1880 1851 1809 1734 1729 1761 1800 1835 1815 1775 1758
1093 1121 1150 1173 1189 1209 1279 1330 1392 1443 1498 1557 1547 1529 1515 1515 1528 1563 1580 1542 1504 1456 1296 1282 1305 1347 1395 1407 1373 1340 1339 1360 1426 1439 1402 1356 1282 1208 1190 1199 1203 1217 1228 1253 1266 1267 1274 1280 1314 1348 1383 1417 1456 1536 1567 1591 1603 1611 1642 1712 1733 1741 1753 1768 1818 1861 1886 1888 1891 1871 1858 1847 1852 1862 1864 1900 1926 1912 1872 1828 1766 1767 1802 1831 1868 1850 1818 1803
1110 1142 1168 1182 1191 1207 1288 1329 1395 1471 1544 1504 1488 1472 1456 1466 1499 1531 1547 1518 1467 1415 1289 1258 1253 1298 1335 1340 1311 1295 1301 1324 1407 1400 1349 1311 1260 1220 1168 1185 1215 1237 1240 1264 1280 1323 1353 1354 1334 1338 1357 1374 1406 1498 1529 1549 1565 1593 1639 1703 1726 1753 1777 1802 1835 1845 1848 1846 1843 1843 1851 1872 1857 1851 1860 1894 1924 1929 1894 1850 1808 1822 1836 1870 1910 1897 1879 1856
1092 1112 1130 1148 1162 1194 1299 1317 1400 1487 1541 1447 1430 1417 1401 1414 1469 1503 1512 1488 1429 1371 1269 1238 1237 1241 1268 1285 1268 1255 1264 1319 1408 1366 1310 1265 1223 1186 1173 1219 1264 1297 1300 1302 1320 1350 1394 1385 1382 1414 1431 1419 1410 1453 1485 1514 1535 1580 1616 1669 1700 1728 1761 1796 1815 1803 1794 1790 1782 1806 1830 1842 1824 1809 1816 1861 1896 1928 1912 1874 1855 1864 1889 1915 1937 1935 1925 1896
1072 1089 1113 1145 1187 1216 1293 1346 1412 1486 1504 1416 1385 1351 1346 1358 1424 1475 1496 1470 1424 1387 1305 1224 1191 1186 1210 1231 1218 1209 1251 1315 1398 1357 1308 1216 1178 1152 1197 1272 1316 1343 1347 1370 1382 1415 1446 1431 1377 1425 1478 1495 1473 1472 1494 1504 1529 1564 1589 1658 1688 1720 1760 1781 1769 1760 1748 1739 1732 1776 1795 1788 1772 1758 1781 1843 1891 1927 1932 1923 1908 1900 1933 1959 1946 1905 1913 1910
1117 1145 1164 1181 1220 1259 1313 1353 1426 1464 1464 1407 1364 1306 1300 1307 1375 1426 1439 1419 1384 1373 1305 1246 1178 1154 1166 1184 1170 1186 1241 1300 1366 1336 1301 1212 1152 1148 1253 1312 1354 1383 1396 1435 1429 1474 1488 1452 1392 1437 1502 1538 1527 1479 1509 1537 1565 1613 1640 1679 1715 1744 1765 1753 1720 1713 1699 1688 1699 1751 1754 1736 1724 1729 1773 1855 1890 1937 1970 1960 1931 1929 1935 1937 1895 1855 1865 1874
1117 1143 1175 1199 1233 1281 1367 1420 1472 1491 1431 1375 1353 1295 1260 1254 1320 1371 1375 1358 1331 1310 1261 1222 1169 1120 1121 1132 1134 1177 1228 1273 1295 1295 1285 1223 1152 1141 1249 1300 1340 1379 1429 1505 1496 1509 1515 1467 1431 1538 1583 1604 1580 1531 1511 1532 1574 1626 1672 1707 1723 1727 1729 1708 1664 1667 1646 1654 1675 1730 1712 1684 1680 1723 1777 1866 1905 1916 1923 1921 1920 1911 1901 1894 1849 1797 1819 1828
1095 1119 1150 1173 1209 1274 1392 1441 1488 1466 1405 1325 1304 1265 1220 1207 1269 1308 1317 1299 1269 1248 1221 1216 1164 1121 1102 1081 1114 1165 1209 1228 1225 1254 1233 1177 1134 1143 1242 1285 1329 1370 1419 1512 1560 1580 1564 1490 1507 1566 1610 1643 1617 1570 1541 1560 1581 1618 1657 1684 1682 1683 1674 1660 1621 1619 1604 1629 1658 1680 1655 1637 1670 1719 1774 1870 1868 1862 1838 1857 1851 1850 1850 1862 1814 1754 1770 1783
1144 1158 1177 1220 1239 1279 1395 1451 1473 1426 1375 1292 1261 1223 1199 1178 1228 1270 1266 1241 1213 1192 1179 1186 1152 1118 1081 1044 1082 1133 1183 1169 1182 1211 1196 1143 1116 1144 1258 1306 1355 1383 1428 1507 1561 1588 1565 1519 1525 1576 1625 1655 1633 1587 1590 1619 1623 1636 1659 1634 1623 1634 1626 1624 1589 1577 1569 1601 1640 1640 1603 1612 1658 1707 1749 1806 1803 1789 1753 1731 1777 1790 1790 1802 1780 1716 1712 1727
1201 1222 1246 1284 1288 1324 1407 1453 1439 1390 1344 1282 1253 1229 1200 1157 1183 1228 1223 1200 1162 1154 1137 1145 1122 1083 1044 1039 1049 1090 1118 1107 1129 1158 1155 1116 1097 1137 1259 1317 1358 1389 1425 1527 1583 1616 1614 1595 1555 1581 1636 1666 1657 1617 1643 1667 1639 1623 1626 1594 1570 1581 1590 1595 1560 1542 1550 1591 1634 1651 1558 1581 1626 1679 1729 1781 1746 1702 1680 1639 1715 1729 1742 1743 1735 1687 1658 1677
1227 1273 1297 1344 1357 1378 1449 1444 1396 1346 1309 1272 1263 1239 1194 1140 1125 1174 1188 1164 1120 1107 1079 1086 1083 1052 1005 1016 1013 1048 1073 1052 1084 1094 1084 1087 1111 1169 1256 1300 1338 1372 1429 1537 1583 1642 1670 1658 1605 1609 1649 1681 1681 1667 1678 1669 1631 1595 1582 1557 1531 1539 1574 1553 1513 1517 1539 1591 1628 1609 1526 1564 1621 1682 1743 1745 1676 1643 1625 1597 1681 1705 1703 1693 1691 1656 1620 1620
1239 1259 1285 1324 1347 1361 1426 1394 1339 1300 1295 1248 1210 1209 1187 1134 1094 1117 1139 1123 1088 1067 1041 1042 1040 1036 992 1063 1034 1037 1039 1046 1078 1081 1087 1117 1141 1158 1232 1275 1312 1359 1459 1564 1602 1650 1697 1715 1674 1655 1659 1669 1673 1666 1647 1640 1621 1572 1541 1511 1488 1516 1545 1504 1496 1522 1555 1598 1624 1575 1506 1563 1625 1670 1711 1680 1625 1587 1549 1555 1651 1681 1662 1647 1643 1615 1587 1566
1241 1245 1255 1278 1299 1322 1391 1334 1270 1247 1237 1231 1167 1149 1160 1155 1059 1067 1088 1088 1067 1042 1009 1003 1007 1003 998 1102 1068 1049 1048 1065 1133 1146 1130 1143 1200 1207 1236 1294 1342 1383 1441 1557 1609 1661 1699 1711 1706 1673 1652 1631 1618 1612 1592 1593 1585 1543 1502 1461 1472 1503 1503 1459 1523 1563 1586 1595 1580 1538 1510 1564 1603 1632 1663 1613 1576 1539 1506 1519 1629 1645 1623 1611 1613 1608 1543 1544
1203 1204 1218 1255 1287 1321 1371 1302 1241 1202 1193 1192 1137 1108 1119 1124 1044 1031 1045 1051 1064 1040 998 987 980 993 1036 1119 1126 1097 1099 1110 1184 1208 1190 1176 1216 1267 1270 1297 1345 1384 1436 1547 1603 1633 1654 1664 1651 1646 1615 1574 1553 1555 1545 1552 1548 1524 1509 1426 1451 1463 1454 1441 1545 1579 1595 1549 1522 1483 1488 1536 1575 1604 1625 1561 1516 1475 1464 1514 1595 1593 1579 1584 1591 1588 1510 1540
1203 1206 1255 1298 1337 1378 1370 1308 1250 1195 1159 1130 1106 1076 1074 1081 1062 1022 1011 1032 1031 1011 1000 973 983 1025 1050 1118 1141 1135 1138 1164 1229 1261 1246 1214 1224 1270 1316 1333 1355 1384 1440 1551 1580 1590 1596 1606 1607 1591 1582 1520 1492 1505 1503 1496 1491 1498 1479 1399 1415 1424 1418 1445 1518 1542 1549 1496 1459 1428 1459 1511 1548 1579 1599 1530 1480 1432 1453 1511 1575 1541 1528 1547 1562 1544 1490 1543
1169 1206 1255 1298 1337 1378 1402 1319 1262 1206 1163 1091 1069 1049 1031 1036 1055 1040 1000 986 970 958 985 972 971 1007 1038 1107 1155 1183 1190 1197 1249 1296 1293 1257 1245 1275 1359 1381 1393 1417 1456 1539 1520 1522 1547 1543 1520 1557 1553 1483 1447 1455 1465 1446 1440 1453 1439 1370 1382 1391 1390 1419 1489 1518 1519 1453 1401 1378 1444 1495 1546 1590 1592 1480 1441 1402 1436 1495 1519 1488 1493 1515 1527 1497 1486 1546
1185 1220 1258 1297 1330 1378 1402 1319 1262 1233 1197 1114 1076 1036 1014 1004 1017 1026 998 970 945 943 966 960 974 1015 1061 1148 1187 1236 1248 1253 1307 1332 1333 1293 1267 1285 1365 1414 1442 1467 1488 1482 1450 1466 1463 1460 1473 1492 1509 1448 1392 1400 1415 1400 1397 1408 1406 1344 1362 1377 1366 1383 1468 1500 1470 1398 1344 1367 1447 1494 1549 1586 1574 1448 1385 1370 1423 1471 1456 1439 1464 1480 1486 1440 1481 1530
1153 1195 1240 1281 1316 1354 1399 1333 1273 1233 1197 1114 1076 1074 1049 1012 983 998 984 966 940 969 1015 982 995 1039 1081 1154 1179 1236 1283 1308 1366 1390 1367 1323 1309 1323 1372 1426 1464 1504 1481 1405 1367 1368 1388 1367 1428 1452 1471 1414 1351 1351 1357 1351 1359 1376 1383 1329 1339 1338 1340 1365 1453 1469 1425 1345 1317 1354 1430 1486 1530 1555 1531 1429 1352 1354 1393 1419 1384 1392 1414 1425 1410 1405 1451 1487
1147 1189 1242 1284 1309 1336 1358 1328 1306 1282 1264 1131 1099 1074 1049 1012 983 948 946 927 942 999 1052 1011 1014 1047 1076 1140 1177 1227 1273 1329 1393 1409 1397 1372 1380 1388 1411 1447 1496 1478 1433 1343 1327 1333 1337 1336 1385 1411 1435 1369 1311 1304 1316 1322 1338 1345 1355 1304 1301 1317 1343 1376 1428 1397 1392 1344 1287 1315 1431 1481 1505 1503 1470 1399 1333 1336 1360 1355 1323 1342 1359 1369 1386 1422 1470 1488
1173 1203 1239 1277 1309 1315 1298 1301 1322 1307 1272 1192 1166 1117 1069 1020 955 948 946 927 942 1008 1051 1017 1044 1084 1110 1160 1185 1218 1258 1300 1369 1383 1419 1426 1440 1438 1473 1482 1462 1417 1382 1297 1286 1291 1291 1289 1343 1378 1386 1335 1284 1266 1291 1314 1336 1313 1317 1284 1335 1375 1406 1416 1382 1344 1347 1326 1271 1297 1404 1440 1456 1438 1412 1359 1302 1308 1315 1295 1332 1373 1405 1418 1417 1452 1555 1585
1105 1221 1261 1292 1298 1273 1248 1260 1283 1275 1237 1192 1163 1134 1098 1037 940 921 918 929 961 1008 1051 1017 1044 1070 1095 1153 1173 1192 1227 1277 1304 1336 1375 1401 1431 1457 1466 1431 1404 1371 1336 1271 1251 1253 1245 1256 1309 1331 1348 1314 1248 1230 1277 1310 1305 1284 1279 1319 1374 1430 1460 1441 1375 1328 1300 1269 1246 1300 1378 1400 1411 1389 1353 1305 1264 1265 1277 1295 1371 1414 1465 1492 1487 1482 1573 1623
1130 1211 1269 1301 1274 1237 1205 1222 1237 1240 1195 1156 1127 1099 1072 1029 937 914 937 961 978 1009 1066 1043 1044 1070 1095 1153 1173 1151 1184 1221 1262 1293 1329 1363 1403 1432 1393 1369 1361 1334 1292 1262 1222 1212 1213 1221 1271 1296 1297 1263 1203 1189 1262 1277 1263 1248 1276 1361 1399 1435 1448 1405 1374 1334 1276 1232 1241 1282 1335 1357 1362 1334 1306 1239 1240 1265 1311 1363 1432 1455 1503 1535 1559 1546 1584 1632
1196 1254 1303 1302 1259 1218 1167 1164 1184 1192 1158 1117 1100 1057 1029 986 929 907 925 959 980 1017 1088 1100 1070 1071 1082 1101 1125 1151 1184 1221 1235 1263 1307 1361 1395 1412 1351 1314 1301 1287 1250 1236 1193 1187 1198 1189 1239 1264 1253 1219 1179 1161 1224 1218 1213 1233 1282 1345 1365 1384 1389 1354 1333 1315 1266 1208 1219 1247 1282 1301 1307 1283 1248 1224 1274 1318 1356 1405 1494 1508 1528 1551 1585 1600 1652 1678
1252 1304 1331 1303 1245 1185 1133 1114 1123 1137 1124 1071 1063 1016 986 953 913 922 964 981 987 1002 1102 1119 1106 1120 1142 1140 1150 1158 1169 1188 1235 1263 1307 1361 1400 1421 1338 1302 1263 1242 1204 1200 1176 1174 1183 1164 1214 1223 1200 1168 1143 1134 1183 1166 1171 1209 1242 1299 1319 1334 1345 1318 1283 1300 1257 1193 1192 1202 1234 1240 1238 1223 1199 1228 1254 1278 1321 1377 1447 1465 1487 1516 1539 1565 1626 1660
1283 1323 1316 1295 1238 1173 1092 1061 1062 1067 1065 1030 1006 973 943 918 896 955 999 1031 1017 1024 1088 1131 1149 1164 1201 1194 1198 1233 1244 1238 1296 1303 1312 1358 1400 1421 1338 1275 1241 1207 1173 1151 1138 1151 1161 1134 1173 1173 1148 1117 1100 1137 1163 1131 1136 1165 1193 1245 1273 1294 1311 1287 1240 1273 1265 1245 1185 1166 1174 1181 1173 1167 1185 1258 1271 1290 1308 1337 1393 1429 1451 1470 1503 1553 1635 1672
1287 1275 1261 1247 1222 1190 1098 1063 1022 1003 1001 985 955 924 900 894 899 950 991 1027 1054 1059 1110 1153 1197 1219 1246 1246 1247 1283 1324 1304 1328 1355 1350 1389 1435 1427 1311 1275 1241 1207 1173 1125 1114 1141 1144 1122 1125 1121 1090 1075 1097 1145 1154 1094 1090 1117 1148 1198 1229 1262 1269 1257 1201 1221 1239 1250 1238 1208 1130 1142 1164 1198 1245 1325 1317 1316 1350 1365 1397 1427 1452 1473 1511 1560 1637 1684
1289 1227 1208 1186 1170 1174 1139 1082 1017 977 948 942 910 890 894 921 943 966 987 1024 1058 1087 1158 1217 1268 1288 1303 1322 1334 1355 1384 1387 1405 1404 1411 1437 1438 1413 1326 1283 1243 1232 1209 1125 1114 1141 1111 1117 1082 1064 1049 1073 1114 1154 1172 1097 1063 1070 1095 1158 1182 1205 1214 1224 1163 1179 1197 1206 1201 1186 1133 1173 1208 1242 1281 1356 1377 1374 1392 1415 1458 1491 1494 1497 1519 1550 1624 1664
1271 1189 1164 1137 1122 1150 1146 1094 1036 989 949 891 877 881 902 952 993 1022 1021 1017 1061 1098 1182 1235 1300 1350 1368 1412 1439 1457 1474 1469 1472 1450 1448 1422 1397 1379 1329 1315 1291 1263 1214 1113 1100 1106 1111 1117 1096 1064 1042 1073 1107 1150 1178 1126 1065 1032 1069 1121 1140 1159 1173 1188 1128 1132 1147 1159 1160 1153 1125 1165 1202 1251 1291 1379 1425 1420 1421 1457 1500 1537 1562 1556 1569 1582 1650 1678
1236 1169 1142 1102 1084 1120 1111 1071 1022 1003 974 873 895 929 932 959 1003 1068 1066 1061 1109 1155 1231 1252 1306 1353 1382 1436 1467 1485 1499 1496 1485 1462 1435 1404 1372 1329 1294 1288 1281 1265 1207 1130 1093 1060 1062 1101 1100 1038 1042 1073 1107 1173 1149 1092 1035 1015 1064 1093 1111 1120 1127 1132 1106 1094 1108 1110 1105 1098 1117 1156 1194 1229 1268 1376 1431 1447 1449 1484 1529 1558 1588 1590 1605 1634 1674 1709
1171 1144 1115 1079 1064 1070 1059 1026 988 968 940 871 896 923 951 979 990 1059 1073 1085 1125 1168 1264 1300 1308 1329 1349 1402 1430 1441 1441 1438 1429 1459 1442 1403 1368 1316 1250 1239 1238 1247 1224 1147 1114 1054 1029 1061 1073 1016 1029 1076 1131 1173 1149 1092 1035 1009 1031 1056 1068 1080 1065 1073 1088 1067 1073 1066 1059 1064 1112 1155 1194 1241 1274 1372 1419 1449 1461 1486 1561 1587 1617 1626 1647 1667 1707 1725
1159 1114 1100 1081 1067 1050 1008 986 944 911 885 862 875 907 945 1013 1020 1063 1088 1093 1120 1159 1229 1252 1267 1281 1304 1375 1413 1412 1388 1379 1378 1421 1407 1370 1342 1303 1214 1187 1200 1204 1205 1135 1088 1043 1001 1029 1038 1000 1046 1091 1135 1170 1112 1054 1000 1009 1031 1056 1018 1016 1008 1019 1029 1028 1033 1047 1080 1112 1118 1136 1160 1204 1257 1352 1388 1411 1442 1473 1535 1564 1611 1649 1681 1690 1710 1701
1149 1129 1102 1075 1070 1056 983 946 899 864 846 870 874 899 929 969 1009 1086 1109 1126 1121 1127 1179 1205 1245 1280 1303 1391 1395 1364 1341 1324 1334 1360 1361 1332 1290 1257 1190 1147 1149 1173 1180 1147 1103 1037 982 990 998 1003 1047 1080 1109 1138 1075 1014 968 974 979 1004 1018 1016 1008 1013 1016 1031 1041 1063 1098 1134 1146 1165 1175 1185 1223 1318 1348 1377 1407 1449 1486 1550 1586 1629 1663 1671 1690 1634
1141 1088 1084 1062 1068 1075 1000 945 887 859 849 908 910 938 959 970 994 1089 1128 1161 1168 1168 1198 1221 1268 1318 1360 1383 1344 1308 1296 1281 1287 1300 1317 1312 1268 1221 1173 1138 1121 1148 1152 1112 1077 1030 980 950 959 990 1031 1060 1080 1100 1050 980 963 988 998 994 1001 1011 1017 1013 1016 1031 1080 1106 1123 1149 1182 1198 1226 1228 1223 1278 1304 1333 1371 1414 1455 1537 1565 1597 1630 1657 1674 1589
1123 1031 1026 1023 1024 1022 974 937 901 871 843 924 957 980 1015 1040 1034 1102 1119 1131 1135 1144 1228 1265 1306 1349 1382 1333 1290 1260 1252 1247 1244 1254 1274 1294 1273 1215 1141 1113 1091 1115 1127 1069 1041 1008 968 934 942 983 1021 1047 1057 1065 1030 962 982 1034 1062 1102 1107 1086 1094 1088 1086 1067 1080 1106 1123 1191 1221 1240 1264 1280 1272 1287 1299 1319 1360 1397 1431 1526 1548 1579 1613 1651 1615 1546
1099 1005 978 971 966 960 937 913 875 845 844 931 972 1006 1062 1089 1074 1084 1084 1085 1092 1124 1204 1233 1272 1322 1355 1299 1260 1220 1205 1214 1210 1222 1237 1251 1259 1221 1111 1083 1066 1089 1093 1025 1002 970 943 917 936 978 1011 1022 1035 1032 990 953 989 1024 1053 1141 1156 1159 1159 1159 1159 1095 1107 1140 1168 1191 1221 1240 1264 1334 1323 1295 1341 1359 1377 1409 1454 1520 1553 1585 1619 1617 1563 1511
1059 981 967 950 932 922 906 886 856 840 861 944 963 1001 1052 1060 1028 1029 1041 1035 1060 1094 1147 1178 1216 1271 1320 1268 1225 1192 1169 1178 1191 1191 1201 1209 1228 1220 1110 1067 1043 1054 1056 983 958 931 907 907 930 963 971 982 993 981 943 950 1001 1039 1080 1175 1212 1248 1225 1224 1209 1123 1149 1184 1220 1262 1284 1296 1319 1334 1323 1295 1347 1397 1430 1445 1466 1548 1588 1624 1637 1577 1506 1467
1043 1001 1013 1018 996 965 916 904 877 840 853 899 921 959 987 991 973 989 1002 996 1014 1040 1103 1145 1194 1246 1304 1277 1237 1209 1160 1142 1155 1150 1160 1174 1186 1186 1106 1070 1037 1014 1008 965 928 904 887 899 912 930 919 924 936 933 932 970 1016 1050 1082 1161 1212 1264 1298 1259 1225 1142 1159 1202 1235 1259 1345 1365 1381 1390 1358 1320 1347 1397 1430 1506 1536 1601 1630 1637 1634 1597 1483 1423
