tmp.txt
ncols         571
nrows         565
xllcorner     501684.30170995
yllcorner     3704682.9198239
cellsize      91.666667
NODATA_value  -9999
[rows 117 to 155 of 565, columns 352 to 439 of 571]
1187 1130 1092 1057 1034 1035 1068 1100 1167 1156 1127 1101 1077 1051 1039 1058 1101 1122 1132 1079 1051 1037 1039 1049 1091 1090 1070 1078 1059 1055 1080 1097 1113 1134 1150 1113 1127 1122 1116 1078 1071 1086 1114 1152 1177 1120 1100 1084 1045 1011 1004 1071 1078 1064 1056 1082 1132 1135 1157 1131 1104 1054 1078 1112 1134 1148 1120 1080 1109 1120 1098 1069 1063 1072 1076 1071 1036 992 977 957 945 939 936 1010 1029 1037 1066 1090
1159 1126 1118 1091 1044 1030 1065 1094 1154 1162 1129 1121 1104 1075 1028 1058 1080 1090 1125 1106 1078 1044 1026 1037 1083 1093 1055 1052 1038 1038 1068 1080 1085 1101 1119 1081 1075 1080 1087 1058 1046 1077 1111 1154 1179 1153 1088 1059 1039 1014 996 1051 1053 1040 1065 1104 1098 1106 1133 1120 1099 1051 1052 1076 1102 1137 1117 1076 1110 1118 1086 1053 1031 1030 1043 1064 1054 1004 970 942 931 930 959 1002 1011 1039 1060 1054
1086 1082 1100 1072 1029 1035 1085 1126 1149 1133 1106 1107 1117 1087 1028 1039 1051 1080 1111 1115 1087 1055 1024 1038 1102 1099 1061 1037 1032 1049 1070 1055 1078 1106 1104 1087 1055 1046 1055 1043 1041 1075 1109 1143 1165 1153 1101 1076 1064 1040 1002 1016 1025 1037 1069 1109 1069 1099 1115 1094 1091 1042 1043 1076 1106 1126 1100 1066 1113 1137 1108 1060 1021 1009 1012 1024 1033 1015 982 946 927 931 954 982 1017 1046 1038 1017
1042 1033 1035 1059 1028 1047 1081 1090 1093 1088 1079 1074 1094 1098 1036 1027 1052 1090 1109 1102 1068 1046 1022 1047 1116 1091 1051 1024 1041 1076 1042 1067 1102 1118 1088 1097 1069 1039 1027 1024 1069 1092 1105 1143 1153 1134 1133 1127 1107 1062 1017 996 1024 1059 1080 1076 1058 1100 1102 1070 1063 1032 1032 1062 1098 1109 1082 1054 1082 1121 1099 1056 1005 998 988 986 993 997 988 968 941 926 932 971 1012 1019 1007 988
1032 1028 1022 1045 1032 1026 1035 1029 1025 1050 1051 1053 1078 1108 1046 1018 1048 1074 1086 1103 1069 1033 1009 1039 1106 1076 1030 1020 1058 1071 1044 1077 1112 1097 1063 1093 1078 1045 1025 1013 1054 1077 1118 1149 1124 1107 1157 1134 1103 1066 1030 986 1011 1045 1041 1029 1072 1103 1095 1077 1059 1021 1044 1068 1092 1083 1057 1041 1078 1103 1081 1047 1002 991 978 967 966 961 953 948 937 927 924 944 974 980 972 959
1048 1041 1023 1018 1018 1012 1014 1020 1016 1019 1039 1045 1073 1091 1035 1007 1020 1035 1058 1093 1060 1033 1004 1029 1072 1033 1011 1035 1069 1051 1052 1085 1101 1064 1041 1089 1078 1058 1051 1014 1037 1081 1112 1124 1076 1078 1152 1141 1101 1073 1049 990 998 1015 1022 1045 1100 1117 1099 1065 1051 1014 1037 1059 1081 1063 1035 1034 1063 1099 1092 1062 1014 1000 990 983 974 962 948 954 945 933 921 922 936 942 941 950
1089 1060 1038 1015 1014 1021 1035 1044 1029 1012 1024 1049 1078 1065 1014 1002 996 1001 1016 1077 1089 1051 1004 1021 1048 1005 1007 1043 1055 1020 1044 1081 1084 1042 1025 1081 1086 1064 1042 1010 1010 1044 1074 1073 1043 1062 1143 1144 1107 1087 1060 985 991 1018 1047 1083 1139 1140 1106 1086 1068 1030 1015 1048 1072 1071 1030 1031 1060 1102 1126 1102 1034 1007 1009 990 990 995 976 967 957 955 932 917 923 936 965 979
1122 1102 1083 1058 1070 1081 1075 1056 1032 1009 1028 1054 1058 1031 993 988 988 987 987 1060 1086 1048 1004 1010 1023 995 1020 1054 1038 1004 1062 1092 1063 1024 1025 1092 1084 1056 1032 1008 985 1004 1036 1026 1018 1058 1114 1121 1077 1053 1032 982 1011 1050 1080 1103 1169 1160 1128 1102 1068 1031 1007 1033 1060 1056 1016 1058 1068 1094 1129 1108 1038 1034 1011 1002 1019 1032 1005 980 988 977 947 916 918 935 974 1003
1170 1158 1147 1149 1151 1138 1108 1075 1053 1010 1011 1020 1016 1002 992 999 998 988 980 1038 1042 1009 989 989 995 1003 1027 1035 1019 1006 1072 1074 1041 1016 1036 1105 1103 1076 1049 1046 997 984 1000 998 1014 1040 1105 1106 1069 1042 1009 985 1020 1042 1070 1107 1172 1177 1148 1111 1073 1047 997 1016 1040 1019 997 1056 1076 1106 1125 1095 1063 1043 1024 1042 1069 1062 1013 1004 1026 1006 965 917 913 919 946 972
1243 1239 1218 1212 1197 1171 1137 1101 1105 1037 1006 1001 1004 1007 1031 1038 1011 988 979 1001 986 974 969 966 972 989 1000 1003 997 1003 1044 1043 1007 1012 1046 1107 1120 1098 1085 1070 1031 999 978 992 1015 1035 1095 1089 1051 1026 1012 977 992 1021 1050 1087 1181 1152 1114 1083 1065 1049 993 994 1006 991 1002 1039 1061 1105 1145 1124 1085 1051 1048 1079 1105 1061 1024 1026 1043 1015 970 917 912 912 919 938
1210 1233 1265 1280 1252 1213 1158 1123 1143 1071 1037 1047 1071 1057 1095 1072 1033 997 982 978 974 977 980 981 975 965 970 974 976 982 1002 1004 988 1022 1053 1079 1104 1107 1101 1093 1059 1016 980 993 1032 1055 1097 1082 1057 1050 1053 991 973 1006 1039 1080 1144 1132 1107 1072 1043 1026 992 980 979 988 1009 1057 1081 1115 1133 1131 1098 1064 1079 1097 1073 1073 1043 1043 1025 989 967 918 911 908 910 924
1148 1179 1217 1286 1270 1234 1168 1175 1192 1074 1062 1090 1112 1098 1142 1129 1086 1040 1010 983 989 986 996 1000 997 965 964 964 965 968 971 970 972 995 1008 1031 1044 1051 1057 1059 1073 1027 987 984 1010 1044 1102 1083 1052 1046 1041 994 968 983 1022 1048 1100 1085 1074 1075 1056 1040 996 975 978 1010 1031 1060 1098 1121 1099 1090 1118 1108 1111 1089 1044 1033 1065 1035 1005 984 970 917 911 906 907 923
1152 1154 1185 1262 1244 1205 1185 1202 1179 1082 1112 1150 1160 1139 1172 1186 1156 1117 1091 1028 1007 993 1012 1024 1024 980 971 965 962 962 959 955 957 958 962 981 987 989 1004 1025 1057 1021 983 993 1024 1045 1108 1087 1061 1036 1022 1017 985 961 983 1015 1086 1078 1054 1042 1043 1040 1011 976 971 1009 1048 1077 1116 1123 1080 1068 1139 1141 1121 1084 1045 1015 1049 1041 1003 969 954 921 909 905 905 918
1192 1209 1213 1261 1252 1211 1206 1172 1140 1096 1128 1172 1204 1194 1209 1202 1160 1117 1085 1027 1001 1007 1041 1062 1073 1053 1038 1028 1017 1004 972 965 955 956 954 951 951 956 974 999 1009 1006 976 993 1029 1047 1114 1093 1054 1026 1003 997 975 960 985 1027 1090 1093 1077 1041 1018 1004 987 967 964 996 1028 1091 1123 1113 1068 1050 1112 1120 1087 1057 1033 1011 1006 1023 1010 989 991 932 913 903 905 913
1170 1224 1233 1268 1261 1247 1233 1180 1149 1129 1153 1194 1210 1208 1202 1178 1148 1111 1079 1019 1003 1017 1062 1106 1145 1142 1135 1102 1072 1030 1017 989 975 964 958 953 949 947 950 961 970 982 963 985 1008 1035 1096 1096 1076 1046 1015 966 951 964 1002 1035 1054 1086 1097 1066 1049 1034 993 975 961 976 1006 1063 1086 1063 1035 1032 1114 1135 1109 1082 1048 1026 974 987 1015 1020 1020 940 916 905 903 909
1152 1182 1193 1218 1250 1276 1268 1217 1181 1186 1203 1198 1173 1166 1151 1133 1109 1093 1071 1022 1021 1014 1037 1096 1155 1202 1187 1134 1073 1025 1070 1036 1023 1001 985 969 973 958 947 947 946 958 962 988 1005 1024 1063 1079 1083 1066 1043 972 946 962 994 1006 1032 1079 1103 1104 1106 1093 1033 999 962 973 996 1029 1062 1061 1030 1018 1097 1114 1107 1072 1036 1018 984 964 996 1028 1016 956 924 903 899 908
1144 1160 1168 1192 1223 1268 1287 1269 1243 1241 1200 1160 1130 1127 1100 1089 1078 1065 1049 1077 1063 1035 1029 1073 1111 1173 1157 1116 1068 1048 1111 1083 1086 1065 1031 993 999 995 979 958 947 943 946 959 979 998 1026 1037 1047 1033 1025 962 937 954 974 993 1037 1068 1065 1074 1087 1072 1048 1017 969 972 997 1024 1056 1066 1028 1001 1044 1058 1075 1055 1029 1004 971 955 956 990 1010 963 931 908 900 904
1119 1133 1142 1151 1191 1226 1257 1276 1297 1246 1193 1148 1147 1151 1093 1116 1107 1084 1078 1137 1109 1058 1033 1042 1068 1147 1158 1125 1080 1064 1133 1139 1132 1101 1070 1015 1043 1047 1022 992 965 943 941 941 945 964 986 988 993 986 981 942 939 970 1011 1040 1070 1057 1029 1043 1047 1027 1017 1002 964 971 1020 1067 1087 1078 1035 999 996 1017 1047 1071 1059 1030 999 969 945 944 960 962 934 908 900 899
1110 1116 1120 1139 1180 1214 1247 1274 1306 1233 1189 1170 1190 1189 1129 1157 1138 1122 1110 1148 1117 1066 1055 1065 1052 1099 1141 1161 1131 1102 1113 1137 1137 1095 1053 1030 1071 1102 1086 1049 1000 962 950 942 938 940 948 949 951 947 939 930 933 958 1006 1033 1055 1029 1009 1024 1044 1026 981 970 947 966 1008 1067 1082 1084 1064 1031 974 987 1012 1036 1034 1027 997 984 972 946 934 928 924 908 896 895
1139 1115 1122 1144 1180 1218 1245 1279 1314 1238 1194 1203 1228 1201 1161 1190 1176 1164 1147 1149 1102 1071 1093 1107 1090 1075 1105 1149 1177 1167 1139 1142 1149 1110 1071 1054 1076 1113 1133 1096 1047 987 974 959 943 937 937 936 935 932 931 936 930 948 981 998 1027 1011 988 1012 1050 1041 1005 981 953 947 975 1023 1030 1034 1051 1054 1003 974 968 978 980 999 1026 997 975 964 950 945 920 901 896 893
1133 1117 1125 1155 1180 1198 1222 1256 1294 1240 1235 1238 1231 1182 1191 1221 1210 1206 1177 1150 1087 1081 1116 1136 1120 1086 1099 1143 1187 1211 1184 1171 1163 1115 1071 1092 1127 1149 1165 1121 1074 1007 1000 990 975 954 936 936 936 937 937 937 930 933 948 965 987 979 969 1004 1045 1058 1033 994 964 944 951 990 995 985 1000 1023 1039 1013 977 957 981 1005 1032 1003 999 984 983 966 926 898 892 897
1162 1134 1124 1129 1195 1221 1238 1274 1298 1273 1269 1266 1235 1191 1219 1249 1241 1208 1162 1125 1093 1117 1145 1153 1124 1122 1116 1132 1169 1199 1228 1195 1178 1131 1087 1100 1147 1192 1195 1139 1085 1031 1030 1005 986 974 974 968 964 957 947 936 932 930 930 936 948 954 967 998 1035 1067 1037 1007 979 952 936 964 976 976 964 991 1023 1004 973 955 995 1021 1035 1028 1016 1007 1025 968 920 898 888 900
1193 1171 1148 1118 1182 1226 1255 1264 1274 1311 1300 1286 1237 1211 1231 1270 1231 1188 1148 1117 1116 1142 1176 1178 1131 1156 1145 1139 1165 1201 1247 1230 1188 1134 1097 1132 1170 1196 1192 1142 1096 1068 1044 1017 1011 1014 994 996 972 955 963 962 955 938 925 926 929 948 976 1004 1023 1029 1045 1009 981 967 949 938 952 961 952 964 991 970 942 944 986 993 1013 1024 1023 1013 1003 950 923 897 886 902
1225 1212 1172 1139 1167 1203 1229 1232 1264 1300 1308 1291 1265 1256 1269 1269 1224 1178 1149 1142 1133 1163 1193 1177 1136 1182 1190 1168 1173 1215 1271 1234 1174 1130 1138 1183 1156 1147 1140 1134 1133 1106 1078 1046 1029 1009 974 969 963 962 996 1007 990 968 943 930 925 934 954 973 983 995 1058 1034 1008 994 970 933 928 939 940 956 974 959 942 931 949 948 965 975 972 954 940 915 908 894 885 903
1254 1234 1189 1155 1142 1170 1192 1218 1244 1264 1295 1317 1300 1286 1284 1251 1230 1184 1152 1166 1158 1181 1207 1176 1142 1204 1220 1193 1190 1227 1277 1226 1175 1169 1196 1166 1123 1096 1086 1088 1095 1084 1065 1035 1009 985 995 989 976 981 1016 1003 984 967 958 945 932 923 929 949 959 988 1067 1062 1045 1024 1002 975 948 926 922 932 946 940 934 923 928 929 927 916 906 898 892 888 886 883 880 885
1252 1224 1185 1145 1135 1146 1175 1197 1206 1259 1294 1332 1323 1322 1265 1223 1200 1170 1174 1208 1179 1201 1216 1181 1155 1226 1243 1227 1204 1218 1281 1242 1196 1200 1200 1192 1140 1120 1084 1057 1054 1057 1041 1017 995 997 1033 1040 1028 1021 1032 1018 995 975 957 947 947 926 922 928 944 971 1041 1064 1053 1023 1008 987 989 961 933 914 913 926 928 923 919 925 903 894 892 890 889 891 889 887 886 882
1227 1206 1178 1148 1149 1140 1162 1177 1198 1253 1290 1329 1346 1327 1251 1225 1200 1199 1219 1249 1202 1228 1241 1204 1172 1218 1258 1261 1241 1234 1279 1239 1190 1167 1150 1149 1123 1098 1080 1061 1034 1025 1016 999 998 1017 1058 1078 1076 1070 1076 1034 996 971 959 950 941 943 932 921 931 949 1000 1038 1037 997 970 966 999 1003 980 942 912 912 920 921 910 910 898 894 890 891 891 891 891 889 888 886
1214 1187 1166 1155 1152 1145 1177 1205 1223 1258 1283 1330 1358 1322 1269 1236 1218 1231 1256 1283 1225 1264 1263 1226 1191 1224 1266 1291 1281 1278 1292 1240 1206 1196 1159 1131 1091 1074 1060 1050 1044 1010 1001 1003 1011 1032 1086 1115 1117 1093 1073 1019 1003 987 963 950 942 972 950 919 916 929 983 1001 1005 978 954 953 974 974 967 948 922 900 905 906 905 898 894 892 890 891 893 900 895 890 889 888
1214 1187 1167 1184 1150 1163 1181 1210 1239 1291 1321 1351 1363 1329 1275 1245 1244 1258 1289 1291 1254 1293 1286 1236 1206 1264 1289 1320 1336 1322 1318 1276 1242 1209 1167 1132 1111 1114 1109 1090 1071 1015 1018 1042 1044 1042 1099 1129 1131 1090 1050 1013 998 982 961 951 955 973 944 922 914 918 960 966 967 950 937 928 928 920 915 906 905 897 898 899 897 895 892 892 890 892 895 901 903 900 898 894
1188 1171 1167 1184 1157 1160 1162 1196 1241 1278 1318 1352 1366 1343 1287 1272 1283 1289 1308 1300 1302 1325 1291 1240 1222 1268 1296 1337 1373 1362 1327 1277 1239 1208 1175 1180 1141 1151 1125 1081 1045 1025 1053 1068 1073 1054 1099 1130 1129 1097 1067 1036 995 974 957 962 990 977 951 925 913 913 933 940 935 924 911 906 906 903 903 900 897 899 900 899 899 898 896 895 892 893 898 905 908 908 902 900
1187 1197 1202 1212 1157 1160 1169 1202 1246 1306 1318 1343 1379 1363 1322 1300 1314 1332 1329 1309 1346 1319 1276 1252 1238 1287 1318 1361 1371 1354 1324 1266 1232 1199 1201 1224 1177 1166 1119 1074 1033 1046 1085 1095 1102 1091 1102 1138 1138 1102 1072 1034 989 966 962 987 1019 992 957 930 914 911 913 913 913 909 904 905 907 906 906 903 904 906 904 898 899 897 897 895 895 899 905 908 906 905 898 895
1208 1240 1258 1243 1187 1174 1169 1202 1222 1294 1307 1338 1379 1379 1343 1338 1363 1376 1357 1350 1351 1309 1306 1298 1273 1309 1347 1376 1339 1311 1317 1281 1249 1239 1241 1238 1197 1165 1121 1086 1060 1040 1073 1104 1131 1116 1119 1140 1124 1083 1054 1033 986 968 978 1013 1044 1014 976 945 930 917 913 911 910 911 912 915 920 921 929 927 924 919 920 924 927 926 899 896 898 907 908 913 905 905 908 904
1236 1285 1310 1279 1196 1173 1181 1199 1222 1294 1307 1306 1350 1381 1380 1377 1408 1424 1396 1399 1359 1353 1346 1310 1289 1343 1369 1363 1319 1278 1279 1292 1263 1239 1206 1191 1147 1127 1105 1080 1061 1036 1069 1111 1154 1139 1153 1145 1108 1078 1052 1025 977 980 1003 1035 1057 1011 978 959 960 942 919 929 943 964 967 957 953 940 954 946 941 945 955 966 961 941 901 898 908 913 913 911 915 922 915 912
1259 1311 1315 1280 1209 1191 1188 1189 1197 1245 1267 1306 1350 1329 1371 1412 1438 1452 1453 1450 1391 1357 1331 1311 1319 1382 1386 1342 1309 1275 1231 1251 1225 1192 1165 1155 1113 1091 1076 1059 1047 1053 1092 1126 1160 1153 1180 1138 1100 1067 1044 1032 989 1009 1031 1063 1070 1015 998 985 1001 988 945 954 983 1007 1006 996 959 960 975 975 969 992 993 969 942 919 898 906 916 919 916 919 925 923 919 920
1291 1329 1321 1289 1252 1243 1222 1204 1192 1206 1222 1251 1298 1329 1371 1414 1459 1491 1503 1468 1385 1371 1367 1351 1366 1373 1336 1302 1283 1252 1203 1214 1189 1152 1129 1121 1091 1068 1059 1060 1054 1077 1107 1148 1183 1186 1183 1136 1097 1075 1074 1062 997 1013 1036 1068 1081 1046 1023 1013 1025 1002 960 969 1007 1032 1037 1008 971 996 1008 1009 1008 1025 995 958 932 915 904 916 930 929 924 931 933 928 931 926
1336 1353 1334 1318 1303 1283 1259 1255 1232 1207 1204 1216 1247 1277 1317 1414 1459 1476 1489 1454 1411 1422 1401 1399 1405 1344 1309 1284 1255 1223 1185 1175 1158 1117 1100 1092 1076 1089 1100 1088 1065 1091 1114 1152 1195 1218 1179 1149 1128 1102 1078 1046 1006 1012 1041 1074 1101 1076 1044 1034 1044 1020 975 992 1026 1045 1022 981 992 1029 1049 1045 1051 1035 991 956 939 922 906 922 937 943 943 951 954 950 951 946
1393 1390 1369 1373 1364 1316 1307 1334 1306 1234 1218 1236 1261 1277 1300 1372 1422 1476 1489 1451 1445 1426 1406 1399 1366 1292 1279 1278 1243 1198 1161 1139 1124 1108 1115 1116 1112 1133 1133 1104 1079 1116 1121 1148 1188 1210 1163 1150 1131 1090 1052 1018 1032 1029 1032 1065 1103 1115 1086 1066 1069 1045 988 1009 1046 1048 1008 997 1006 1019 1053 1069 1052 1018 986 954 943 925 906 909 917 929 943 977 989 990 989 984
1438 1432 1417 1433 1377 1343 1380 1379 1333 1231 1230 1254 1295 1332 1352 1379 1409 1462 1480 1451 1445 1414 1393 1365 1339 1261 1241 1234 1204 1170 1154 1135 1131 1126 1126 1147 1155 1167 1143 1106 1084 1136 1157 1168 1194 1212 1156 1130 1104 1071 1037 1040 1063 1060 1042 1052 1089 1150 1122 1097 1092 1061 1001 1025 1056 1041 1016 1038 1035 1039 1056 1047 1012 985 968 947 927 924 909 906 908 911 918 935 1001 1021 1031 1032
1456 1466 1478 1480 1383 1389 1413 1387 1325 1246 1245 1245 1275 1356 1380 1446 1473 1496 1511 1476 1443 1414 1393 1342 1336 1258 1226 1201 1182 1176 1176 1167 1164 1153 1132 1161 1189 1163 1119 1095 1108 1150 1179 1208 1233 1226 1153 1123 1078 1054 1058 1086 1095 1100 1075 1059 1077 1164 1150 1130 1120 1094 1025 1056 1069 1040 1031 1055 1068 1067 1040 1018 1002 961 954 953 946 946 917 912 911 912 911 918 972 996 1019 1028
